5.333011044025735 10.280526166354026
0.5137819747545569 2.9179628456790807
14.855775195873164 1.358535130603884
19.019300797168434 4.54748919768001
4.7383501944853235 7.454249646389668
3.1517007983326684 2.5004896976000324
13.63132807374216 12.362446369831925
4.127396874282596 6.910302143927987
13.909380435270673 18.132730135422882
3.9748425667874576 9.516170621315057
6.939958224800873 18.117639466568626
19.648998172160994 15.65539814155037
7.33558860238224 12.780374094716114
0.12778813836595182 6.225104964977824
14.885962296828696 10.189856788991738
12.035442126902236 7.034671367000045
19.009567056989074 3.376549269018607
1.1472786483343689 7.82457406547274
17.938529392349054 11.590475482301352
6.605921825416019 14.7915101569624
15.78531214722287 18.401925517570156
4.638981435720062 9.998136760371167
14.271882059296072 17.53534809718547
8.306927824803074 13.987398234314643
1.9510880565826594 18.891969322761177
12.118090263813095 6.542893482233949
15.731837397550645 8.536433990946005
0.8449367074268843 13.738528363406585
3.68783709313522 7.749953665094758
3.532295475868268 8.318225790424352
0.22877175446730735 1.6236480571548983
16.481719465776045 8.419057944612721
7.54058785431075 10.686930621483041
16.5990609366262 10.758580009451897
2.8733757534142623 7.2112485699149875
19.849160099047587 6.557440897773037
10.469467637403266 5.989702433385018
8.244392005967253 9.924090017877209
14.771902206407601 0.9194678852051985
16.59832335657409 6.87962507016265
15.218349737547289 5.288907578147766
16.285618290577652 18.012250826516464
3.28353472162501 10.999872133065125
8.03090139635655 5.133750918213114
7.662056520717946 11.013503037254287
11.788053781116496 6.426760280606252
9.322583783425 18.875664492313103
19.257266517311695 10.030402112850862
1.2338945023591896 17.924290146088904
11.195865587227217 17.589776920397036
