3.0280803430719727 3.423675159180714
4.58945166249861 1.9465457901256906
4.27180611055009 1.4816927051728312
3.471584585711427 4.024077060225172
1.7589700003108848 2.3124862042650847
2.441530160876057 2.4144961295079517
1.9144547630269604 4.930677051471993
1.8036004501078646 4.342392363728406
0.4309590430366095 3.114731292683805
2.5459906876456566 1.571817023022819
3.269729224337119 1.873866720807948
0.8880171807038134 3.380205938828375
3.907046878307302 1.3883324330714253
2.1398790333520883 0.6079973451276549
4.561151785281767 0.9104672932594071
1.464963092322208 3.300252760888067
3.5435328131087083 3.3444230958237715
2.6016276000099614 3.5538363124349233
1.9850823761910168 2.9698464612075193
0.13756289178051384 1.018964780412444
