4.892947127732803 3.8217806029906978
7.377801000670789 1.7049452268512533
6.755651553917596 8.342697386119072
2.0959098654462616 3.467282140935928
5.541741326750249 5.047881229238915
0.7557614263195844 2.8399967804264836
4.000635218504605 8.64336851907315
4.379186813970554 4.687372385647594
2.1791438545783706 6.0682815797539655
4.440226228140814 2.6080445074419947
9.966483887533826 8.502183187722858
3.1046339672339993 6.2333433895507415
9.366670788674758 8.949897457282677
7.312629493650867 2.1912269994412448
9.740740136382373 5.402561841045028
1.8133128251400432 9.469457410373005
3.778458936275424 6.628130151120245
7.9176166665081045 6.692360867648404
3.380634390126005 7.834303055231406
0.7704258043445511 8.202137876333786
5.500042615194015 6.316572408819615
0.8526577325063767 5.213843893055429
5.6914753739594195 4.039871434151964
1.27307888018108 8.49863417887151
2.9385168054905373 7.525449182770389
5.473405511788992 9.498667884570246
8.47371026778715 9.647654636119276
4.925581990809995 0.09158342926682272
5.849242012653912 3.221876651478175
3.3815712247140906 6.608179164574427
5.826880406546563 9.131689057012874
0.4224222761141394 5.473536877668258
3.6186758337986245 0.8363108425408772
9.983997774132781 0.8488319866837768
7.631857670049781 5.546703290452298
2.684972070081165 3.1282416956097823
5.395494292695119 5.889869962013254
6.034501318303384 8.145749347130858
5.572956313527715 4.1786857988874715
6.440487723852966 4.998598372661521
7.501000467414027 8.683544231889702
2.1687530266498922 3.256201574986303
3.570412924250074 6.812110156927268
3.2081438314590205 9.065911946371747
6.883059342277651 2.0079174227469263
4.293249065712206 0.32142947601832006
3.4883609180809962 7.95882470622735
2.197096813311179 8.174730007117416
5.941689701510114 5.879688824319275
1.8710205764298093 4.421209709826687
7.6907215620216585 5.826046746078115
3.5998160933751064 5.6166939673727825
5.960400928480176 0.3906646807924019
8.351283488023725 8.69708044919201
5.295278903022657 0.8965580576146437
1.7868557629767623 2.06587983379399
4.0189112959771425 6.637491183734626
4.29589107570615 0.18921081098552395
4.662218123016595 1.9123320193337878
6.327147778475406 8.670088517084093
8.452262014187196 7.685446225472969
9.305249571602342 8.370349897548406
7.410101252119644 7.86753279094921
8.744765688621511 0.9660183398553546
6.847775228847853 6.810921328051767
5.955521816669811 2.7922881489800835
2.5226233077428653 5.058386793712819
5.927872433360236 7.352700170217542
6.702332913206398 3.593530288070238
6.897817218307015 0.39221063170644443
3.975986302256379 7.3293348954973405
9.516076944828761 5.83885345461907
7.107440743340142 5.517054510340461
8.879137095153315 2.718834510110546
9.15698650133131 2.481637595991819
4.070548286965502 6.652787740017479
2.3474690475698456 0.18736849378444775
5.813766731641136 2.2784800333491395
9.950746603174741 0.8432977097416294
3.0551969640138052 4.494233459847877
7.140601029615854 3.0954816985005595
3.3658730983906593 6.156611089329813
3.818197602463723 0.38579059386068204
3.5507703079253963 9.014068103681401
0.26579654010022047 5.740794792331206
4.613274449204078 8.812296458540558
6.422837372175362 8.140734607830781
9.593686210721476 4.974729581316081
4.341334081399843 5.7712190569357045
2.410273725841731 7.962368332264468
0.9207336942787903 6.953045833585762
8.735283314548429 5.295958665858455
3.249261142067783 3.6876929981100592
6.981960420115052 3.088421033268637
5.496567482790669 6.796452479793748
9.244383948711754 1.480890215229591
8.48498066935582 9.587050208191277
2.585345510285708 2.0547985051029425
8.147150840249205 6.027473819813541
2.39513908475941 7.067952714689203
