8.45811885170728 1.5662436372950883
3.1007283548910456 9.422431389403869
2.2025087409001385 6.875603702928976
2.580808237947132 5.989818946751346
1.3125568853634162 0.5280817555151129
3.6104458981992673 5.434354962380983
7.688407272455424 1.1719034872754008
6.028435706400169 2.077018783539366
3.8251634811913116 9.802968676826797
8.410635043564081 0.28510938399405217
3.7360162312892875 7.847529933196753
0.05331668626618713 7.533705971789804
3.9452803066584807 9.188917899396142
9.33103172088195 7.523713862431319
0.7113026556750313 6.112793803453869
9.210128199159753 1.9674532354580065
3.366257066462821 0.319925545746641
7.231389561422576 3.641608725269702
3.793814347684128 5.681723891314037
6.586288995835851 4.5007189433252375
3.441007437924121 8.692246486009337
8.166280217392286 7.87251251424949
2.9562048340410083 4.722804687900551
0.8930605729272822 1.0498376482755023
7.411384220603221 5.8688221750942535
1.5194616607964695 0.34678411064247516
0.15846946035642184 9.332553984814254
9.875901123591488 9.076413387389943
3.570949042380481 6.224593540434097
2.2586866133545156 6.738006551124301
4.095523813212177 2.5223353163619455
7.949922975851168 8.122376521321815
5.960805578617255 2.837332928028199
4.3367433145558545 8.138026033534624
4.065521597534173 6.416247139553319
2.4988884175632653 1.5815397747112714
4.535748685553794 1.7104947803505277
5.698943189657955 8.621187880622859
9.542190382817335 4.92673382049304
4.885385164812895 5.279976207177915
4.756063223656262 0.9388269037355668
1.8658247759539948 9.63859653521729
7.08294231700307 8.964277301806812
0.5588908303641427 4.626500453723722
4.199491199177388 2.9701263399772104
1.1846557357093968 7.044132686703715
5.445805725012556 8.318522886099558
4.422476626988089 4.3284023906412985
8.944536852278437 2.6551664404182986
4.898011805689712 9.50369839914231
2.004586310186498 0.42092149237883847
3.6965312465767433 5.966870363543629
1.4224596843390291 2.6285032984165255
2.7486598814807985 0.09285690713346062
5.09191422785349 3.803843213984183
2.383491707313042 1.7600278262853486
7.851661251953614 8.784416637002474
4.845884085659751 3.0007663277003314
7.065752548796967 1.5599804985699017
4.272487732211918 9.153338023141114
9.024919562159878 2.294015072586495
3.110703850948009 2.168776410568033
2.816093568642221 7.075218192677731
6.895617028125604 9.302717373477234
1.8501189462500145 9.503721131253656
3.1650464551643 8.680012085861886
9.543271670387426 9.883793015438627
2.2356680916524354 0.4132923159519286
3.2294382902801146 8.137752330816895
0.9469910641235013 4.567492191567823
2.293377071581737 8.252686708364728
4.3661265537364375 4.927995801085067
4.808359502813802 1.2550182316851477
2.075804297284982 9.058338188613375
1.4180219127723148 2.458689696320536
0.007512520203498685 7.998964593276467
7.900542556539189 7.817749700040136
8.056719567055534 1.2131262203468929
7.534800277446459 1.5909561635688618
0.8737972075878542 8.613450136020166
6.996993203114491 7.194751021123354
6.572466580811735 5.303070704475237
9.963485647592625 6.497657791243496
5.353845655912028 6.017851834946103
4.538706728368911 2.495704468292997
2.0718012535083483 4.915022418088213
1.4260864959489161 9.485589168512249
3.3765411958846423 5.384100637086979
8.139381668288621 9.613947872992604
0.2329747127341475 0.017502952441745823
2.622048956564824 8.654548054012492
5.98242081653464 3.3936258525115512
8.938389563802655 7.428795733887612
3.43996288153725 8.664159474787542
7.975189134191856 0.8188041990082406
1.0547717364868614 4.278795502997777
1.585853671989662 5.988296685551482
4.061123953225364 0.0482991621800577
3.2287150713468185 2.563654056375727
6.712921547814835 7.73824817129423
8.027879628278662 1.4784281467066207
0.3053340688355255 5.1650447714490095
2.9666001058479496 5.142279108376412
5.791136943050747 0.0701837475191347
6.096255651260671 6.359168676282378
6.989314736872483 5.501730732307909
1.2929702238437324 4.922245161742646
3.20853864785857 3.090885430622171
2.2991989137453226 4.356837349786847
5.068669494494671 7.9113140775679724
8.010459914299853 6.693404633971078
9.738626060665634 9.98520831950415
5.7972852785710245 5.402247208126428
9.458256387010032 5.915012635821725
8.681651101306631 0.31836910020829445
1.2801976305857665 1.908710113289066
1.369666423925996 0.34088164518648045
2.7413140012504558 1.1077408279293721
6.5144843515085435 3.901795948893765
5.0225273171130205 7.2289308967185235
9.906057763982236 4.706274944407501
5.667245637713334 8.297405857842257
2.2626679019771556 3.511300859437061
0.006508964220280911 8.451150827728265
0.06059622428271516 5.216875875385464
2.07018731893017 0.4651540201908877
6.248587708054869 1.0003142888617655
2.3145912774004307 7.46645073728871
1.1154342928925864 3.902590179279435
8.487499395332158 3.693455019808509
5.153461771349686 1.4062824345393299
5.345299857676941 0.669372276920509
9.099877673625267 6.666079799566944
2.9039657840694377 2.6957490439230716
0.490758699717333 4.462592308656333
0.5116895546298361 1.143466105702321
9.178396370714683 6.779288149262339
1.2386302242749114 9.931150678204054
8.030993602948802 9.646088612244325
1.447477000380183 3.9764316522134466
5.939698378209406 3.6836612138208844
3.5426970383256497 1.8600944786336426
4.33640976893254 5.078590852809153
0.27648356366111626 0.1333505976390459
4.580728643067143 7.856583386842766
5.774149177524609 5.606833468892821
8.502754077291236 9.619079485257668
0.07589378449259998 4.843296816932386
6.902938372616308 1.0958195871557708
8.220745930539433 3.1014642773964187
0.6434523442159901 8.12230930262933
7.698107593003178 3.789229370095354
0.710600842926602 8.189143899089833
2.787346867563636 2.3614341055741086
6.155081199250931 5.783227610257409
6.867662188383154 5.301295197264951
3.729188854728279 1.7534451179464017
1.3994520994519755 5.179288958791815
6.192372671137458 6.808930091536531
8.469757071150138 4.816011374056552
4.441251679447694 3.168535607035224
5.299461848595826 6.044524888364119
6.481272855974096 8.584779773029133
7.018087673779576 9.317443843459015
4.881363490424246 0.0798387706815551
8.312778428324266 3.0924515507488026
2.3344868249881823 9.750991231197773
7.716805399859389 1.0586392630593722
3.728646785075412 1.438146237934479
5.873022985766889 3.3728969341826387
9.312452800555283 7.291060376163383
2.87733073091149 6.857775228395373
5.405068584550378 8.415925576228899
5.651100013463792 9.768058730248786
4.396197727230016 5.0009659350084545
3.9960395136318647 0.36609544596094445
4.726075931287842 8.080425279125574
6.147459986166826 2.4500789549788737
0.4583896154714262 1.9314259195483774
8.348928581514244 3.4993267544609497
5.612024942424036 8.713740978277253
6.3503097162440625 8.158052798070521
1.549966608743757 8.58764372608032
0.25838541864917963 8.721327180950615
1.2383399034222986 8.036810845237715
2.796821344265025 7.826708311930242
5.203496373096243 6.124134352998433
5.367041446453575 4.135145400543509
4.035821979897013 5.011735107103168
0.18596360775446685 5.017567016016219
9.48486604851643 8.094455071737563
1.1434492625151271 5.980399325030578
9.60121448246108 3.0249124060731103
4.177933085493029 9.430961903016351
1.5802873616075286 2.6508943774921248
5.435739860513761 5.955769787314368
2.8558857817964753 7.899766594136701
2.0250457463872618 0.6863112340600963
9.825505835046433 8.972135383203828
4.66675535932848 9.785893307638823
5.6408648649536355 4.68697806035721
9.594034088412261 2.659212711908162
3.3305446815497786 0.31572017463318613
7.07614945946988 5.881960839043838
7.897875211722897 7.6366192258848296
4.931848550716108 6.469725171930691
6.116382783296983 7.125523145931157
7.465581814132235 5.772162621428109
5.131592799418526 3.3401166881508617
9.365981413536739 0.7783447833937585
9.381606521350177 1.9911262764790039
0.823205559315543 3.310193256334144
2.9801305289120172 8.182213553301624
9.81336846036217 9.519838619114244
1.873529330528032 7.936139942772793
0.7929385934293898 6.499981292014322
6.828550966999961 2.51471425495174
4.325683137194494 7.157533017991456
1.259307402863128 4.098770152717769
1.112374011212488 1.7584526157490088
4.6166242967988405 4.803127321654817
6.274998651717386 9.09823534072888
3.044242045360095 9.681725300358075
2.9847670886315534 5.889969405452321
7.338218879353716 5.453540139404227
2.998487997334376 2.6545256913315693
4.440816882285948 7.8071852016519205
3.3461305808492128 6.517192812528878
8.069722896898666 3.790789705405545
6.210416687384962 7.640481965981568
4.598409938821357 0.6325850833354985
9.46350050495356 6.689174749433039
7.175654895965588 1.583561802842568
7.691393500495537 8.9444670062851
9.532773698982115 4.768730806544282
2.6425030158661897 2.1918455646391144
0.6128943583352775 5.493228041327748
5.498306246889797 9.518585914646673
1.8548791265939835 8.483769442781927
2.6352598301371177 9.322346260732406
5.997298923681202 7.850754245143316
4.5587616147766 1.1698094523471991
5.631206272454338 4.49119841297425
5.142368617602826 3.7428513818401665
6.047854924053725 2.7332533780714874
6.749131642285589 2.127570504893991
2.574589202169352 2.523870967768438
4.231121208836383 5.858431329044274
8.474780623644996 0.22763007051667117
3.6535232982004207 5.20798178037058
6.92743661591183 5.118348816804938
9.619501685534692 3.7242003921144793
3.2491663057942946 7.177639279218768
8.047730731541666 7.408984164650071
3.1931524396328523 6.495295972896386
2.4219192857970206 2.4598064704536626
3.9039074109430363 2.4416362164724905
0.6697664740208442 7.398813954629104
6.831377734730996 3.83580548841263
7.913162124093792 6.479729174611448
0.14068743399973438 1.291358404975017
7.442888598023033 6.389207195732633
5.513984909885265 4.902446796710467
4.084398680964655 6.7181459566175565
2.2295789796286494 8.899227782007666
8.95373148615155 1.3911670298493917
3.2067169013946675 8.852508742077672
0.9136092631402593 2.953827693738773
2.1613731641554654 9.32584723385838
6.309601107598418 1.4531436778793183
9.928004870414595 4.845516407481161
5.531378228670405 7.120353165740189
0.16707969333574324 5.952939385625672
2.9273197338873533 4.333860904127382
6.193297210702759 5.423287807557211
9.995919372157507 9.366653713658428
0.3095937223884693 3.1613602959383815
5.046637025845042 3.113702628918955
4.224990343701065 1.4524499156071646
3.6136595223064862 6.5651286918912435
2.626271848020102 4.6080686974422855
6.0063812513481025 2.3441991600886936
1.4407864279648197 1.0987868362149478
2.253995309538289 8.173358608314265
6.455074146409353 0.6642063226354378
3.799854446313935 9.328587601281114
6.434926890014871 5.3252497735162425
9.087981670978763 0.13302480141060502
3.4199604915642046 4.550548796014247
8.548463413794886 9.92699905319252
8.37717896521413 4.61233337733785
3.8917391082094 0.02858813733464194
9.354322700952077 8.152592420935232
7.537844003502774 2.0914873295664806
3.26293069644479 1.8652397812421573
9.634582669153984 7.291517767214692
4.7203882465777 3.750321237295279
9.700710167668497 6.045206416551315
2.2053748773570514 4.602782316061557
6.486813592443675 0.9486067504211537
9.753706150972661 1.8316606485173081
0.371476921724182 9.65983610292826
0.00622379386405858 6.0680406103195565
4.110810497187019 0.0458127537108477
3.4097149419103214 8.660245294432055
1.255152200248204 7.647986291819522
2.676615281227539 5.112032216435972
7.4414689468499615 5.523317290521725
3.7318041123688763 4.957129010925264
4.470611836575662 5.208794853642642
3.834947870780262 6.544500504265127
9.188161527592877 3.1427925205410046
3.1114715402491413 4.10742657088309
2.192132598287675 1.9754577138876528
0.940350751589466 1.5032531649208747
6.826737387732065 1.9528955080430521
7.705197798443227 4.168005512533935
5.091465065494145 3.41683566578757
1.0351805982735873 8.865823328070293
4.909738321940088 0.9768403696095251
3.2936629599238563 9.380189130888093
3.4400279887349305 3.3729570711404175
9.400028627834455 2.8133469349145237
6.116862737367812 4.199677648137406
6.520995271691005 5.379019902523724
4.743040345082209 1.8276460395559024
1.5568762067377329 7.452880386687135
7.706872118741134 4.857295899621254
4.736802148533835 0.37776791195966775
6.859651135346847 5.670254645347526
1.5667383275360058 4.485659848281226
0.22987983094436615 5.358723273989846
8.671899290251318 8.184668714804294
2.954511148340817 4.974703870782065
0.86301356548108 2.808687917475999
5.597610265290013 3.2933259113053657
9.81671821710982 0.48306285017078565
1.9644688126432086 8.666866508725574
1.8177533258839962 8.554599742689614
7.269179445013025 1.7426195939480615
5.111382395909883 8.827894238894837
7.19181404588638 3.66757588663426
1.0001560385593444 3.320706450982888
5.922825763366902 0.4395008042975801
5.80370597635425 0.8627507687952463
6.869069360973448 8.118084202865468
5.75353100850201 0.7712973930112998
6.220563812054628 5.964227763110848
1.7141308278156375 3.1403046994489605
7.88935155526632 2.9695640117820545
2.5741499585403083 7.10617880804075
4.997752940679904 6.768766351071469
5.460907405430415 4.543386687703299
7.105878168854961 8.296051071776107
1.7889184295008298 4.878419980872859
3.0930957436630746 9.641800563377931
5.232833064359471 8.351505155072958
5.834202219048197 4.449572672613877
3.4625153885837068 7.303133162749206
4.846777807640875 9.451921763178543
0.4903142960823126 6.085595749951872
4.502095112819525 8.138321870233135
7.846730937636266 6.779236909009562
5.783998270122154 8.341131575176968
8.785136443077107 8.917156216920668
0.6953522653794042 9.409833580966161
9.572499326808817 6.600460937181932
7.327483089042726 3.3484730445811306
3.152594418679877 0.19614953466778107
6.973575956257966 8.573244250995785
0.19697178115293368 2.457961730636465
7.155271457291149 3.96195929472275
2.2682206207041156 3.5675512685145305
6.666456831088201 5.915808895220209
7.649840851205617 3.7519845467077264
6.137599827495812 2.9866634849099514
9.600332193926956 8.163899015359352
7.667176867235339 6.129613138225848
8.640400950737417 9.353301004268777
0.06694856691141116 7.321650360080963
3.5156286938535244 7.5885152315108195
3.1425865955974466 5.89516543476225
7.410375048139219 6.513124843240311
1.9740761707456322 3.902785153508578
9.353158449365782 5.939303069506909
9.91280382494022 4.665600471908292
7.614539295460912 1.9487629183894173
4.464869693330201 5.6626586913049675
6.067781847403149 0.31338800108280385
9.54372736207452 2.7060510805531846
1.650966139212513 1.3810968963773251
4.140085342393249 2.6141186815954365
3.076350858924851 3.1859883599306507
2.1291057752283846 5.152068167942506
2.23609712873301 1.8795607742732368
2.3900323369511565 2.7138821458469176
8.046813004031518 2.8246538593415416
1.6784703647554156 2.0284330094707137
0.9169526927702953 9.660017409418918
3.0931045636506704 8.702424541179864
6.2533393954803 1.042359638316096
2.997159249709825 5.240037797452489
6.492174777420643 0.45330476237978035
3.589094106003442 7.67114124562804
3.1993053452129394 6.63948806190875
1.9041578229213696 2.765748373633797
2.9648097654191186 6.922904642998345
9.763049946664834 7.218911818486857
3.992408396075906 4.4857773458973496
4.80635408815492 5.457388534629956
8.503528767986712 2.2910022068340865
5.4211585999612595 6.929206306585003
3.9126740099579624 3.984621832298745
9.351935008811282 7.347726145378345
7.482268750171545 5.140846709672684
2.9878138257753806 4.639364355521306
5.607615360881901 0.6339686557294599
1.7750107804993809 9.1315043144013
5.833974915980573 0.8160475660245847
3.858292984056865 8.983883594227159
0.03046842984810838 2.4034574115947915
7.529096940444503 8.472165700911665
9.823433656768989 3.3514435930337507
4.459671363500581 1.7264555717424057
5.511475457081395 4.795275814267836
5.436097234775522 4.214172903517186
2.417022731286175 2.03055522797012
9.576772908215158 6.774788219110639
9.506158577920253 7.542376831837018
8.133837238743558 6.390510599216094
2.73740286006234 5.534451755727952
3.134825206960076 8.429770735505917
2.765728762709313 4.150323180679405
7.040031110356585 8.976917081402165
7.434614684529157 2.119744261025187
1.9025219779693503 9.758911533703648
7.62037662186556 5.134572783605399
3.1213037351055384 7.307704931653042
2.5247824529497254 3.7436001247835837
5.044494076505432 1.3277389890269475
8.317739155784892 0.02998420648945288
0.9007282589599719 7.601283483092448
1.9246290615030193 9.105468950809094
6.417188664823311 7.841842354209515
7.899701687217945 6.819100900153047
4.913120612162951 6.303317920722995
8.693442159691568 5.7566602166306495
9.621488048399469 7.8443614578674605
9.883015917673216 6.932292932768405
2.3008469777858496 6.822149582402309
3.4009047526970857 7.529132616858574
0.4941527442825333 3.4225557360252457
3.9258639576647636 4.0284922002605486
9.985809471819639 2.44107534731828
9.377732292319058 6.992490175594276
7.6399249193782826 7.866462522759697
9.599764991828234 8.412630802734375
5.712552312883817 8.856741572053746
9.188974270288119 2.234501403559289
2.5464037485204285 7.527592204087119
8.186574464118396 7.210097095001561
8.037698911644025 5.715556873148575
0.18559806877845864 3.907828604371576
5.472206033165731 8.733093202092451
9.251076436345318 7.244069546525215
7.209958238545193 0.8636189852128195
5.360123780756773 4.810230910708164
8.520114728847956 8.13801213216578
2.1193683034335975 9.970221413891455
2.0288531464002633 3.7628296981545373
6.24530287058912 9.752283568755484
3.076233361730536 4.409352703742398
6.450784442088135 8.902024795970208
9.141100182920868 6.571732580684124
5.966804360887169 5.105087786214462
1.0740815087981348 3.7428059598425136
2.945148286911027 8.580312074750797
3.4713694888255198 2.147159936997433
5.144373726062704 6.4468400315227194
6.924892907722901 2.3285621793836073
8.811163972988048 2.8936007373004635
7.256280828440356 9.531589997499303
4.491251418919818 0.11346215484645428
5.189265417554061 4.333596306346963
2.1720517633522753 2.096895375665624
7.001781082739173 8.732608018324449
8.00700883593178 6.234439037661078
2.5727794573234997 9.149072165562048
4.788816174584878 2.8935671102400615
4.883694160139255 6.629283737928276
3.3460157265688584 4.83663439363152
3.6443587868963934 1.6008750438301245
5.507296135804648 3.305707105805057
3.333188888024589 8.32737321213608
3.6419416691757123 4.263622966194981
2.6237863231339906 7.405908108101414
9.747643173225784 4.443562186580323
8.441487109621159 4.634709412116537
9.500509586173413 2.1897124288640035
1.4376032572668807 4.392146089665678
6.638716309566476 8.542518593222589
0.366728362205222 1.5510403350347046
0.6473050315456075 1.1494107239518725
6.844305718678918 1.126662015208787
8.865447956908875 5.290931608513889
9.727818978079787 9.832723588656387
3.126909226375736 6.58490405027782
3.5967673155605286 9.920084664279369
2.990194827691819 6.654430282356859
5.489715025399847 8.740253403342361
9.57103105907423 1.4723745729569815
3.206785507620258 7.369082050940888
5.1555747628855055 5.619553240393729
9.592839201609076 9.819983840134187
6.568424287200187 6.493988995991915
1.0871113443413793 5.562924644627705
4.61072224391831 5.995387397915891
8.486771894876489 3.424017849638925
0.20008213876834047 0.3081692558455862
9.394754439473342 4.273790599395468
2.1812693043016895 9.03838403787432
3.8209661519921045 4.726244756085106
2.0726718535909985 1.4828285165165944
5.225738282440452 5.881167810831155
5.596406566785048 3.0596336046301618
3.707545006117553 0.01378034821997054
3.405091718312984 3.8813123145955686
2.9070129161555447 8.175237954156033
8.575785178500567 0.3684296215742533
9.530916367734541 1.1890217992897056
2.983198096557882 6.616180974716054
3.135881160453674 7.483207411790957
1.9660940940208549 6.385479564240859
4.959393470009056 1.5302419147302493
6.219577951283774 4.840620382628966
0.23318306845062753 2.8134173310947643
9.086368562323116 1.3499842283407504
3.3178504104950433 8.92033312597492
1.3425202466666397 2.7536362657139266
0.5711529434767448 4.3884298958605825
1.7766492148223934 2.511414967899185
4.140785870075069 4.586813284579504
3.0765081912474965 1.7958688275687584
5.845123082031613 1.819094899643442
2.0316259748257526 4.014697643632164
3.0581101776590804 4.942287602347517
9.65330263691942 5.381721709750024
3.6825532154524607 3.6031924445130814
8.823520175090012 2.2900739574637607
0.7159773868899932 3.22301007279468
8.945039594958535 2.601177253392236
6.418674563109943 8.743476285322732
2.465471986848422 0.779025151187438
7.286920129787454 8.593571854664031
9.504676979112444 3.8732236787912577
4.815062692425439 7.971728112695917
9.916404749909164 2.548642734868871
3.927648622118264 5.619854619863124
6.019774337599087 8.370707575517631
7.974528545428001 6.24582103955705
9.175563656896221 8.450599579553979
6.644862571906108 5.41853498270172
0.8631373248267993 2.05621259345944
4.3167819989562375 2.5487242395895295
3.4455243751881692 8.32804409513852
7.56492779247343 9.936309245692454
7.093499601119988 4.065430510717828
3.483885544155001 2.115696721856221
5.262503922314598 1.0171026802324767
2.1299347381786315 7.63082431873562
3.630442553680844 8.949300487374384
6.943890322122904 4.345656407595792
5.476022216280906 1.189721798280845
2.564375024673468 0.22880528758968177
1.0255913624008428 4.168863692684472
2.2595336935833608 6.8457431459355265
3.43631737150906 0.818183253521404
7.557281706063921 8.863334594438616
7.551926338136291 4.374363563610979
1.9720182985692614 5.25378387685064
0.6899843944765216 9.287988830132187
2.6433446877163993 4.5632089799166256
5.091247522238796 0.21320612943684591
4.23663776378508 0.2830008583079602
4.816162237359656 5.313315752277274
5.756612394719172 9.049166456328443
1.509088458771991 5.380785190818548
2.1899358182590323 2.1560046496547347
8.063531182393612 3.113856925900269
1.618905538104487 6.723106700029941
3.5888665984329817 9.867031412489503
1.4763200283441935 2.402760880694923
3.03454690839846 2.982422103309591
9.074514698599232 7.006925276281391
9.906147589711988 1.1228561435817497
2.9773615564052323 7.153828441463748
7.613068465814386 7.612487725583403
5.312523991338413 3.292147095739767
2.6759361674001827 3.6370541843002435
5.25726023624958 3.3704499502632244
6.133770054348176 1.1535981540982831
4.185106804657245 9.262375085412739
3.664023636079936 3.740027226016368
8.234023596663478 1.9860399701492504
7.85069182439098 6.704446616683471
2.4463692916493507 7.318687057599204
5.848610599712388 1.869607998531112
2.688756967411577 0.9688399056388164
0.9612008432940355 7.912319474182473
2.899530612114778 5.758893129966179
1.1246437802193066 0.363002595620151
3.2484276503665175 6.092033223431278
4.373296950590488 9.600125460494931
9.359717217969596 7.667136007916499
9.725734502299906 7.4154141276631345
1.9726115969764701 7.33561363244552
9.145970697533025 1.8374042061613172
1.88041924462799 9.00215282603176
7.412975559018858 7.080869693665331
1.3446713963011814 0.07513941619313291
2.0052204114672945 9.269845795964782
8.815276382421153 2.2991806953177574
5.367610995579865 1.3637820665091172
8.613394918964312 9.974463583569587
8.524472391104505 3.804422946054168
5.432796379684018 6.231446143035445
6.051621724928764 3.88368724654781
1.3009388029293 6.502896015571014
3.176141074987701 9.439024162069696
3.2556466348533233 6.243883443567196
8.634810043593134 0.03545543876754209
1.2096097735922928 8.782256159591528
4.718947882421038 1.4167370076942098
8.595859933666798 7.923179307386273
9.684807736728043 1.9660728903885494
4.914509071914447 8.74697641143449
2.242158837962153 9.088674659565372
3.6526162747150046 5.908336630510824
9.835850481050807 8.575721459789442
7.967928916947762 4.151474393787784
1.6456952388001211 4.71037653872804
7.878770656073291 5.468694675921545
2.6193673346377198 0.8238635550593187
9.39988078199315 6.875701880516089
4.760159639728184 4.926325329959317
4.472317826694075 4.868508341923089
3.4256764652496194 9.34463898908249
5.699559099974557 6.811563303404665
1.2022483431372255 3.166191418182802
1.065142794309888 1.4734869645074788
5.467934412928091 4.7866076485973785
8.528677891482765 4.47572851277636
0.5009040823118804 2.295812144478356
6.871279294168042 7.381279330901711
7.415929348556829 6.144001911351243
7.962016661525557 2.7000319910442205
9.375169086198552 0.9779705378502468
3.7650279275050478 3.5284406775803134
9.067374473748323 7.828027465353475
3.1487792769272693 4.891693675975314
4.961052973438558 8.808121623723542
6.373075446276149 9.3437553902944
1.1615271710907693 6.911212238635585
9.229181016632964 1.1538607845082105
0.4341869643575924 7.07679713115807
8.395868481652565 2.777030454346907
0.3512943302502036 5.983143324938164
2.452558296652704 3.4784701056347176
5.517227991159091 5.566716142606279
1.3426371207665277 1.0139342994578138
4.663381401419496 5.183594681344001
7.63924138763543 0.8550309281274837
3.9277661535789465 8.538195054161054
6.0601138786225714 3.8329780246517187
9.292264138065496 5.418407776026108
5.482706590254357 2.741505339031024
4.686406382176134 6.9031283223735285
0.46281036091049166 0.08675925387009897
7.1744333891559675 6.361087664155769
0.03022903845200431 1.1870130526021416
7.746213810672133 7.7509715736274565
7.798573193934929 1.4437210470290074
1.4420310845337725 9.903051280908405
2.9127870890956276 6.812366194932248
5.377912095835805 5.4302861751524745
6.766241414739783 9.573756470555773
9.921885935326046 0.5413701389816061
6.67703491600726 9.644747596016545
4.221839667025565 7.535148090684242
3.532696928431295 0.3292892396916691
7.40032444083412 8.251353523245374
8.821485697427928 8.745131211315343
3.8401202474514786 0.9392306508836723
9.637264216843796 1.5695271654423137
2.076250351916479 3.2740594433170944
7.928775476111312 5.260256072054485
5.145393597590426 6.036897149798363
3.5483112765516034 4.839487040060439
5.200729760390229 4.77024590157604
8.93138830315823 8.765635363247846
6.127470487217261 4.503175931839907
7.707844465176876 2.0089266959217333
3.7365303930898164 1.2869521345492407
9.668641537573238 8.414004868002799
2.5794755293388727 3.3930531359181195
7.242844678510572 8.518258993777819
1.9083264449981374 7.459014535400313
9.997821681104154 7.97272294982273
0.20736457768205874 1.999953154187275
5.992080039272788 4.784157516017085
6.129930927902832 2.147254401377504
0.060340174511505085 1.7307137872471146
3.036852470253849 1.4589749506302607
6.34828863593264 4.464402565287732
2.456636161214499 5.043828978246668
9.95460950019956 2.189736973498536
9.471090115369702 3.746732041482417
1.798296925241989 2.535316764393235
7.634108002327375 2.549220339520355
9.72844326986024 6.210112986761992
6.788736287312984 3.6367637619066184
6.513163209736684 4.449530279139423
2.7003509989026195 4.21376056548951
9.708049291601586 6.586432570720061
1.140331781009386 2.3637939169066815
7.0533612098287755 8.784077624384189
3.434984192800189 6.711613982094256
1.6866088318330974 4.9096987007545465
2.34751691328154 3.1498846059190466
8.62117202604567 2.7371781061969336
5.654028424937359 6.5083463573092
4.735491104265467 4.269243850699807
6.259566468427683 4.754426533218759
2.6633016565738075 2.978287922161739
1.308465986677284 2.112474064613372
3.7874108870075016 4.106959359860019
0.8590243675223141 5.411870000736966
0.1399333300856087 5.356822895186032
6.325961044614728 4.326498806524909
2.4841328065432333 2.1793945419871044
9.664637602626005 8.984418260054145
9.870803334148484 5.743858636821769
2.879769020742069 5.770507088467415
3.1691483518021824 5.163895364517545
0.8865644293015384 5.795037967611652
1.9727800728422595 5.954660399167527
8.928750876930676 2.3714315970121147
1.3456616855530934 2.594464736656179
5.1002605474890315 8.36196677201967
9.324991644998919 6.169181538244106
6.652117217603176 1.2424433473120045
5.0629469086354915 3.05664690676711
4.707646256765368 3.4902841371241102
1.089008548433057 5.717788084941068
3.0037786902590025 3.043600880889985
8.971938461982814 3.7106131790231736
0.3505909740110513 9.982258543772302
1.069927481674271 2.5687693884364116
7.392067302991308 6.071875505074475
4.269825167099379 0.7183862480245184
4.176620180868288 2.141378634805969
0.20650076277426765 8.939168563630991
4.755609024007473 2.9219211884935605
8.457570276935094 0.5673956277036096
0.0688212482529027 5.8835365081002164
7.145347293769379 2.238359086550803
4.6445343152018514 1.647071590676621
2.840751690723786 6.342060831964877
4.824239836986858 8.195034383492514
1.2351369012630764 3.8319897551257798
6.185544999700094 3.6901378661040884
7.1349968397145505 0.7292910087617965
2.849567887222979 8.168884324111142
6.799934748375368 0.839667500294704
7.145871397670326 0.27073304718676416
3.5971244897913888 3.342289497354305
3.8745958264525404 7.633795754740235
7.02037165064159 6.4618763227620155
5.134754963855029 1.1474394343461503
5.558916676008991 7.113397010865414
3.351355799308747 0.4830663552852965
5.29414524130024 0.8803269373257161
4.0243677545118715 5.042223011695405
0.9741060001757507 6.307059031474662
8.853362748549042 8.695536554998345
6.709760976697641 4.502234252640963
5.447967930941004 2.7384028881976463
8.463533163173318 9.219101830721403
1.1317452640854697 9.133499019635188
3.0931277123947742 8.822051931703136
1.0202601076125983 3.727060940696585
0.2929789097894753 8.412423573549932
0.6060523971883414 7.187475367493853
0.4769132511336205 7.571981200792235
9.959673212995154 6.447548285732795
7.026985611111744 5.770321788490361
3.4849727640537917 9.112922099617869
9.972157716297527 2.3556716589006355
2.029691212953252 2.9574179726251995
1.1408856738731354 9.179071331734944
4.591863171330038 2.3238393493548024
5.769488537456033 1.9484197935864167
9.572796314384156 3.2943817691810784
0.5603924434013197 2.602820903409931
1.5165142933218911 7.369368009569783
8.840768430044294 9.119340900868526
9.684819311513838 4.904589881744038
6.195437624690348 6.380281564259818
5.373735953070639 4.148512334222721
5.749643510789333 8.775358027260436
7.826495480815023 7.567000419974007
2.8791163937799427 1.957692381766376
0.5840766512647555 7.924335681798639
0.454130073030764 5.9295220654236225
3.2576681649439876 1.1163952283139245
4.832925330179242 0.2755799176213325
8.506337174638828 0.37152757079941257
8.353753163210438 4.2656526570502304
2.6089179489486636 0.3515955757987288
0.4511884718364134 4.680538047193965
5.3109965837992394 0.9000946734108339
4.059320356219934 6.208145780291895
1.7125136691002485 3.463391236411588
9.412593356768877 1.8280964688605084
4.5749856054596885 5.764877610816821
0.9855255820080822 3.8897925887496454
4.415717356583406 9.27042401411992
3.418077802289835 4.585324834318011
0.05676438635477954 8.484938064239564
8.664230079820733 8.516908434331249
4.388416506453149 3.488812858049962
6.253924123239648 2.3148365871660603
2.7733881194016208 0.6225851520970849
2.252174658240318 7.057901009529153
9.932666418943127 9.524225673654513
2.890053888651937 2.6518538616044918
4.158963496267317 3.928407739986899
3.6993351256161966 2.746567365270228
3.094425603990345 7.393908919433709
9.117363838530073 6.107701828159612
1.8542790677712895 8.118831910379855
4.355349223006747 8.83832992279433
3.870725026089632 8.671742687498458
0.02158612665929427 2.7939117918985534
8.051374505611548 0.3808950017736157
5.624538730727215 0.7506849387209913
3.48634273792636 6.668054128440529
1.8553582651729805 9.792635654691527
6.41260918270021 0.15068671385949584
2.972492049087215 9.17797175057052
7.402380352928221 4.112718042550707
5.293004566929502 1.5430267001864395
4.6216283021109925 1.6916036091911468
0.5864929868084356 4.841742425725272
5.175097310220806 5.114548692881363
5.79496128331701 4.9128790757905705
3.394928169895212 4.8234417249464805
2.0612089396684707 7.449871842138446
1.7387044755101488 8.307427259718557
8.330283513992145 9.173066257191632
3.9986715955332874 6.636430474220667
9.473562966117147 4.5509607138135175
9.282484313478228 5.691231102112544
1.1485249565028188 5.728942545190906
1.507702519123283 5.74416301157128
6.6609258962762565 0.43252964108919767
0.7364728887863481 6.500047381201543
4.7046813748353875 1.3595212580094695
7.635668766497337 7.930442417536955
6.92946473176548 4.55297476924236
7.162389366337782 7.679779609983216
6.432717430789943 3.411019049623513
9.900561986629215 7.125622208852214
5.807191827725622 8.52572732984741
8.31255881681299 2.985167204318806
0.5825896554814214 5.670204616240624
8.23979641918899 8.753116115708293
7.483848653766505 0.11713610516423056
1.3303220527158366 6.712277133880324
0.49310374396689394 5.624179220247818
3.78354940719571 8.747426955280208
6.531006037562507 0.16108045466197596
4.456871117114249 9.855221366859201
9.39503813278481 9.590787524299335
3.6645899855587185 6.7669099466431115
8.529906554527653 9.03908259393295
0.2981777400885577 6.409762486458723
9.779110710295168 3.665408861729044
6.6790590597499575 5.65658056280666
3.302329726262332 5.0525920812458
2.9346961042964903 7.951670217128721
8.568199152606962 3.7630406562907215
7.045838828300881 7.213967764350824
2.4494489520424145 2.302248950786331
9.79429532152668 0.41634036389118445
7.09115324498132 8.02282433451234
3.1163047114501072 8.595762891951274
7.500128990255305 5.764355213584038
4.765438025221136 3.460016158850001
3.2368022145570396 0.38569497110508943
8.589549337991105 7.4845476921158
1.9295557364921323 9.695031553336747
2.3607371775810018 7.963783040567903
7.347987816784775 3.7863469236213607
8.798356188414022 4.372138158782432
2.868912297625097 4.955731755227354
9.873118486838608 6.854608084365826
3.1046761182805493 4.213846194688332
0.5700699116471464 9.368260927277177
7.704465779675101 3.098955520707557
6.39627035854469 2.930987240130146
7.728027672617026 9.506487788115685
8.568626259346232 9.942849764726041
3.5763483087361614 7.4169389057502375
9.222273218530203 9.017104363511754
9.785909346358439 3.0039488156943306
5.550267136100365 1.9512765246595554
0.5470980956271576 8.763942657951283
4.690318340072601 9.836316761309657
8.05622596263312 5.545793033815423
6.128812581531115 0.49751860736276465
0.7602615420571612 1.7564688708787457
6.047577518260006 1.8213402822710822
9.038218473859809 1.5923225310859224
5.477274337924198 9.399127014439143
0.30208291363225004 4.671703195449148
3.712263940952628 9.822107498722415
0.9179654284228556 8.435299454359535
2.970933806517367 5.06177890903415
4.7559934029933295 3.7135526879146474
7.255577612005814 6.499885007688018
6.190767746497329 9.58289826447302
1.5899775258764648 8.307298370560543
3.3320063585742754 1.2677890356462995
2.1669609174640536 9.096441919996964
4.223080827510486 1.7750349063097215
4.207587523959439 8.530583017336497
1.3898105569805252 1.5742228915028411
0.7671146844824295 5.114934081409828
5.495957040995416 6.977835202369082
4.8646421964253905 4.067146299123494
7.488544546402936 5.912121095374103
2.4263162982873663 2.3792352841750963
5.556015177511827 7.425274109398396
3.4641868812001544 7.045366832787464
9.302282194520844 7.9437780295800655
0.1554199586952565 4.827290760236883
2.8168532702222526 2.6098326528330604
5.550352383746836 2.574979142206999
8.75682035116299 5.337113586842937
1.822490086924804 6.919084222417222
1.1003403572045944 5.759977842179484
3.6997904596732045 0.5622856968632106
5.490733876627283 1.363064508284273
3.981081965127516 8.391164994736593
7.392780816723388 3.115220606146708
0.27589230177566204 3.057637668409401
1.1738034671185915 5.649650589806054
8.709114774775644 5.9153916270561435
3.7040216824715566 6.090112001566873
7.116583321544439 3.016265701756149
0.36667992775169966 4.7210141542824156
7.658428612395673 2.6142355153652455
7.122238663085472 2.2120968791588558
3.7518894592948717 6.3275163710272855
0.6910063265747857 8.913072690520348
0.2868785270652052 1.6903361635610492
8.19490056557052 3.7994287937170226
9.837028952731012 2.1539150899811332
0.9218587375498843 7.504273999460654
6.155460385660938 9.066675702093882
4.529129588816241 1.396896485856316
1.9318092378520035 7.334819333835949
6.690985484172715 7.8282965887242355
7.410025779206382 9.362561579170892
9.128948637774506 6.6217802970977315
9.759268824765307 8.1028925921206
7.898109969784098 6.258751701299517
1.372763867932465 4.998996924743854
4.227185120019436 6.222884508195183
0.8469068215056985 7.615654391554382
0.040916655745715236 5.956797959598888
8.982429182790739 3.2929900939467602
6.88044267175271 6.668195643344537
1.3605021231994552 2.362163628321535
0.4032278462439298 4.806870079128887
1.7415411335265352 1.014201986308173
1.927743170240006 5.828376601941718
5.114743207133298 9.687150916032298
9.635338600773201 6.698388929610943
7.7024832111078725 3.9223243015032736
7.282603299592192 6.962991305399889
6.082366805505675 9.285025996716175
8.913747680642212 4.2704397511047745
2.705212654894009 0.8972392385165928
4.261182210393905 1.2776398459073546
3.8599968681784826 2.6105814983290077
5.8051021647948176 9.811955113167716
1.9057865461848889 8.244877172655963
7.668947751328733 5.705923767219429
